wandb_version: 1

learning_rate:
  value: 0.08466647158726062
scheduler:
  value: 0.062110318936361326
